Trying 127.0.0.1...
Connected to 127.0.0.1.
Escape character is '^]'.
HTTP/1.1 101 Switching Protocols
Connection: Upgrade
Sec-WebSocket-Accept: nWvwnnQdnWHVgVA+vIsQSf1BWaA=
Server: WebSocket++/0.2.2dev
Upgrade: websocket

Å{"version":1}Å~{"hands":[],"id":15474,"interactionBox":{"center":[0,200,0],"size":[231.237,231.237,112.596]},"pointables":[],"r":[[0.515037,-0.0672347,-0.854527],[0.450221,0.86955,0.202938],[0.72941,-0.489246,0.478121]],"s":0.243764,"t":[-115.662,-151.183,18.8331],"timestamp":420217302}Å~{"hands":[],"id":15477,"interactionBox":{"center":[0,200,0],"size":[231.237,231.237,112.596]},"pointables":[],"r":[[0.515037,-0.0672347,-0.854527],[0.450221,0.86955,0.202938],[0.72941,-0.489246,0.478121]],"s":0.243764,"t":[-115.662,-151.183,18.8331],"timestamp":420253389}Å~{"hands":[],"id":15478,"interactionBox":{"center":[0,200,0],"size":[231.237,231.237,112.596]},"pointables":[],"r":[[0.515037,-0.0672347,-0.854527],[0.450221,0.86955,0.202938],[0.72941,-0.489246,0.478121]],"s":0.243764,"t":[-115.662,-151.183,18.8331],"timestamp":420337394}Å~{"hands":[],"id":15479,"interactionBox":{"center":[0,200,0],"size":[231.237,231.237,112.596]},"pointables":[],"r":[[0.515037,-0.0672347,-0.854527],[0.450221,0.86955,0.202938],[0.72941,-0.489246,0.478121]],"s":0.243764,"t":[-115.662,-151.183,18.8331],"timestamp":420361402}Å~{"hands":[],"id":15480,"interactionBox":{"center":[0,200,0],"size":[231.237,231.237,112.596]},"pointables":[],"r":[[0.515037,-0.0672347,-0.854527],[0.450221,0.86955,0.202938],[0.72941,-0.489246,0.478121]],"s":0.243764,"t":[-115.662,-151.183,18.8331],"timestamp":420433392}Å~{"hands":[],"id":15481,"interactionBox":{"center":[0,200,0],"size":[231.237,231.237,112.596]},"pointables":[],"r":[[0.515037,-0.0672347,-0.854527],[0.450221,0.86955,0.202938],[0.72941,-0.489246,0.478121]],"s":0.243764,"t":[-115.662,-151.183,18.8331],"timestamp":420457394}Å~{"hands":[],"id":15482,"interactionBox":{"center":[0,200,0],"size":[231.237,231.237,112.596]},"pointables":[],"r":[[0.515037,-0.0672347,-0.854527],[0.450221,0.86955,0.202938],[0.72941,-0.489246,0.478121]],"s":0.243764,"t":[-115.662,-151.183,18.8331],"timestamp":420493390}Å~{"hands":[],"id":15483,"interactionBox":{"center":[0,200,0],"size":[231.237,231.237,112.596]},"pointables":[],"r":[[0.515037,-0.0672347,-0.854527],[0.450221,0.86955,0.202938],[0.72941,-0.489246,0.478121]],"s":0.243764,"t":[-115.662,-151.183,18.8331],"timestamp":420529393}Å~{"hands":[],"id":15484,"interactionBox":{"center":[0,200,0],"size":[231.237,231.237,112.596]},"pointables":[],"r":[[0.515037,-0.0672347,-0.854527],[0.450221,0.86955,0.202938],[0.72941,-0.489246,0.478121]],"s":0.243764,"t":[-115.662,-151.183,18.8331],"timestamp":420553395}Å~{"hands":[],"id":15485,"interactionBox":{"center":[0,200,0],"size":[231.237,231.237,112.596]},"pointables":[],"r":[[0.515037,-0.0672347,-0.854527],[0.450221,0.86955,0.202938],[0.72941,-0.489246,0.478121]],"s":0.243764,"t":[-115.662,-151.183,18.8331],"timestamp":420565431}Å~{"hands":[],"id":15486,"interactionBox":{"center":[0,200,0],"size":[231.237,231.237,112.596]},"pointables":[],"r":[[0.515037,-0.0672347,-0.854527],[0.450221,0.86955,0.202938],[0.72941,-0.489246,0.478121]],"s":0.243764,"t":[-115.662,-151.183,18.8331],"timestamp":420577424}Å~{"hands":[],"id":15487,"interactionBox":{"center":[0,200,0],"size":[231.237,231.237,112.596]},"pointables":[],"r":[[0.515037,-0.0672347,-0.854527],[0.450221,0.86955,0.202938],[0.72941,-0.489246,0.478121]],"s":0.243764,"t":[-115.662,-151.183,18.8331],"timestamp":420589431}Å~{"hands":[],"id":15488,"interactionBox":{"center":[0,200,0],"size":[231.237,231.237,112.596]},"pointables":[],"r":[[0.515037,-0.0672347,-0.854527],[0.450221,0.86955,0.202938],[0.72941,-0.489246,0.478121]],"s":0.243764,"t":[-115.662,-151.183,18.8331],"timestamp":420613554}Å~{"hands":[],"id":15489,"interactionBox":{"center":[0,200,0],"size":[231.237,231.237,112.596]},"pointables":[],"r":[[0.515037,-0.0672347,-0.854527],[0.450221,0.86955,0.202938],[0.72941,-0.489246,0.478121]],"s":0.243764,"t":[-115.662,-151.183,18.8331],"timestamp":420625557}Å~{"hands":[],"id":15490,"interactionBox":{"center":[0,200,0],"size":[231.237,231.237,112.596]},"pointables":[],"r":[[0.515037,-0.0672347,-0.854527],[0.450221,0.86955,0.202938],[0.72941,-0.489246,0.478121]],"s":0.243764,"t":[-115.662,-151.183,18.8331],"timestamp":420649520}Å~{"hands":[],"id":15491,"interactionBox":{"center":[0,200,0],"size":[231.237,231.237,112.596]},"pointables":[],"r":[[0.515037,-0.0672347,-0.854527],[0.450221,0.86955,0.202938],[0.72941,-0.489246,0.478121]],"s":0.243764,"t":[-115.662,-151.183,18.8331],"timestamp":420721514}Å~{"hands":[],"id":15492,"interactionBox":{"center":[0,200,0],"size":[231.237,231.237,112.596]},"pointables":[],"r":[[0.515037,-0.0672347,-0.854527],[0.450221,0.86955,0.202938],[0.72941,-0.489246,0.478121]],"s":0.243764,"t":[-115.662,-151.183,18.8331],"timestamp":420841515}Å~{"hands":[],"id":15493,"interactionBox":{"center":[0,200,0],"size":[231.237,231.237,112.596]},"pointables":[],"r":[[0.515037,-0.0672347,-0.854527],[0.450221,0.86955,0.202938],[0.72941,-0.489246,0.478121]],"s":0.243764,"t":[-115.662,-151.183,18.8331],"timestamp":420865520}Å~{"hands":[],"id":15494,"interactionBox":{"center":[0,200,0],"size":[231.237,231.237,112.596]},"pointables":[],"r":[[0.515037,-0.0672347,-0.854527],[0.450221,0.86955,0.202938],[0.72941,-0.489246,0.478121]],"s":0.243764,"t":[-115.662,-151.183,18.8331],"timestamp":420901539}Å~{"hands":[],"id":15495,"interactionBox":{"center":[0,200,0],"size":[231.237,231.237,112.596]},"pointables":[],"r":[[0.515037,-0.0672347,-0.854527],[0.450221,0.86955,0.202938],[0.72941,-0.489246,0.478121]],"s":0.243764,"t":[-115.662,-151.183,18.8331],"timestamp":420913541}Å~{"hands":[],"id":15496,"interactionBox":{"center":[0,200,0],"size":[231.237,231.237,112.596]},"pointables":[],"r":[[0.515037,-0.0672347,-0.854527],[0.450221,0.86955,0.202938],[0.72941,-0.489246,0.478121]],"s":0.243764,"t":[-115.662,-151.183,18.8331],"timestamp":420925538}Å~{"hands":[],"id":15497,"interactionBox":{"center":[0,200,0],"size":[231.237,231.237,112.596]},"pointables":[],"r":[[0.515037,-0.0672347,-0.854527],[0.450221,0.86955,0.202938],[0.72941,-0.489246,0.478121]],"s":0.243764,"t":[-115.662,-151.183,18.8331],"timestamp":420937549}Å~{"hands":[],"id":15498,"interactionBox":{"center":[0,200,0],"size":[231.237,231.237,112.596]},"pointables":[],"r":[[0.515037,-0.0672347,-0.854527],[0.450221,0.86955,0.202938],[0.72941,-0.489246,0.478121]],"s":0.243764,"t":[-115.662,-151.183,18.8331],"timestamp":420949547}Å~{"hands":[],"id":15499,"interactionBox":{"center":[0,200,0],"size":[231.237,231.237,112.596]},"pointables":[],"r":[[0.515037,-0.0672347,-0.854527],[0.450221,0.86955,0.202938],[0.72941,-0.489246,0.478121]],"s":0.243764,"t":[-115.662,-151.183,18.8331],"timestamp":420961630}Å~{"hands":[],"id":15500,"interactionBox":{"center":[0,200,0],"size":[231.237,231.237,112.596]},"pointables":[],"r":[[0.515037,-0.0672347,-0.854527],[0.450221,0.86955,0.202938],[0.72941,-0.489246,0.478121]],"s":0.243764,"t":[-115.662,-151.183,18.8331],"timestamp":420973683}Å~{"hands":[],"id":15501,"interactionBox":{"center":[0,200,0],"size":[231.237,231.237,112.596]},"pointables":[],"r":[[0.515037,-0.0672347,-0.854527],[0.450221,0.86955,0.202938],[0.72941,-0.489246,0.478121]],"s":0.243764,"t":[-115.662,-151.183,18.8331],"timestamp":420997813}Å~{"hands":[],"id":15502,"interactionBox":{"center":[0,200,0],"size":[231.237,231.237,112.596]},"pointables":[],"r":[[0.515037,-0.0672347,-0.854527],[0.450221,0.86955,0.202938],[0.72941,-0.489246,0.478121]],"s":0.243764,"t":[-115.662,-151.183,18.8331],"timestamp":421009706}Å~{"hands":[],"id":15503,"interactionBox":{"center":[0,200,0],"size":[231.237,231.237,112.596]},"pointables":[],"r":[[0.515037,-0.0672347,-0.854527],[0.450221,0.86955,0.202938],[0.72941,-0.489246,0.478121]],"s":0.243764,"t":[-115.662,-151.183,18.8331],"timestamp":421033646}Å~{"hands":[],"id":15504,"interactionBox":{"center":[0,200,0],"size":[231.237,231.237,112.596]},"pointables":[],"r":[[0.515037,-0.0672347,-0.854527],[0.450221,0.86955,0.202938],[0.72941,-0.489246,0.478121]],"s":0.243764,"t":[-115.662,-151.183,18.8331],"timestamp":421105757}Å~{"hands":[],"id":15505,"interactionBox":{"center":[0,200,0],"size":[231.237,231.237,112.596]},"pointables":[],"r":[[0.515037,-0.0672347,-0.854527],[0.450221,0.86955,0.202938],[0.72941,-0.489246,0.478121]],"s":0.243764,"t":[-115.662,-151.183,18.8331],"timestamp":421201639}Å~{"hands":[],"id":15506,"interactionBox":{"center":[0,200,0],"size":[231.237,231.237,112.596]},"pointables":[],"r":[[0.515037,-0.0672347,-0.854527],[0.450221,0.86955,0.202938],[0.72941,-0.489246,0.478121]],"s":0.243764,"t":[-115.662,-151.183,18.8331],"timestamp":421225661}Å~{"hands":[],"id":15507,"interactionBox":{"center":[0,200,0],"size":[231.237,231.237,112.596]},"pointables":[],"r":[[0.515037,-0.0672347,-0.854527],[0.450221,0.86955,0.202938],[0.72941,-0.489246,0.478121]],"s":0.243764,"t":[-115.662,-151.183,18.8331],"timestamp":421249765}Å~{"hands":[],"id":15508,"interactionBox":{"center":[0,200,0],"size":[231.237,231.237,112.596]},"pointables":[],"r":[[0.515037,-0.0672347,-0.854527],[0.450221,0.86955,0.202938],[0.72941,-0.489246,0.478121]],"s":0.243764,"t":[-115.662,-151.183,18.8331],"timestamp":421261775}Å~{"hands":[],"id":15509,"interactionBox":{"center":[0,200,0],"size":[231.237,231.237,112.596]},"pointables":[],"r":[[0.515037,-0.0672347,-0.854527],[0.450221,0.86955,0.202938],[0.72941,-0.489246,0.478121]],"s":0.243764,"t":[-115.662,-151.183,18.8331],"timestamp":421297649}Å~{"hands":[],"id":15510,"interactionBox":{"center":[0,200,0],"size":[231.237,231.237,112.596]},"pointables":[],"r":[[0.515037,-0.0672347,-0.854527],[0.450221,0.86955,0.202938],[0.72941,-0.489246,0.478121]],"s":0.243764,"t":[-115.662,-151.183,18.8331],"timestamp":421309651}Å~{"hands":[],"id":15511,"interactionBox":{"center":[0,200,0],"size":[231.237,231.237,112.596]},"pointables":[],"r":[[0.515037,-0.0672347,-0.854527],[0.450221,0.86955,0.202938],[0.72941,-0.489246,0.478121]],"s":0.243764,"t":[-115.662,-151.183,18.8331],"timestamp":421321645}Å~{"hands":[],"id":15512,"interactionBox":{"center":[0,200,0],"size":[231.237,231.237,112.596]},"pointables":[],"r":[[0.515037,-0.0672347,-0.854527],[0.450221,0.86955,0.202938],[0.72941,-0.489246,0.478121]],"s":0.243764,"t":[-115.662,-151.183,18.8331],"timestamp":421333643}Å~{"hands":[],"id":15513,"interactionBox":{"center":[0,200,0],"size":[231.237,231.237,112.596]},"pointables":[],"r":[[0.515037,-0.0672347,-0.854527],[0.450221,0.86955,0.202938],[0.72941,-0.489246,0.478121]],"s":0.243764,"t":[-115.662,-151.183,18.8331],"timestamp":421345639}Å~{"hands":[],"id":15514,"interactionBox":{"center":[0,200,0],"size":[231.237,231.237,112.596]},"pointables":[],"r":[[0.515037,-0.0672347,-0.854527],[0.450221,0.86955,0.202938],[0.72941,-0.489246,0.478121]],"s":0.243764,"t":[-115.662,-151.183,18.8331],"timestamp":421357777}Å~{"hands":[],"id":15515,"interactionBox":{"center":[0,200,0],"size":[231.237,231.237,112.596]},"pointables":[],"r":[[0.515037,-0.0672347,-0.854527],[0.450221,0.86955,0.202938],[0.72941,-0.489246,0.478121]],"s":0.243764,"t":[-115.662,-151.183,18.8331],"timestamp":421381986}Å~{"hands":[],"id":15516,"interactionBox":{"center":[0,200,0],"size":[231.237,231.237,112.596]},"pointables":[],"r":[[0.515037,-0.0672347,-0.854527],[0.450221,0.86955,0.202938],[0.72941,-0.489246,0.478121]],"s":0.243764,"t":[-115.662,-151.183,18.8331],"timestamp":421393949}Å~{"hands":[],"id":15517,"interactionBox":{"center":[0,200,0],"size":[231.237,231.237,112.596]},"pointables":[],"r":[[0.515037,-0.0672347,-0.854527],[0.450221,0.86955,0.202938],[0.72941,-0.489246,0.478121]],"s":0.243764,"t":[-115.662,-151.183,18.8331],"timestamp":421405921}Å~{"hands":[],"id":15518,"interactionBox":{"center":[0,200,0],"size":[231.237,231.237,112.596]},"pointables":[],"r":[[0.515037,-0.0672347,-0.854527],[0.450221,0.86955,0.202938],[0.72941,-0.489246,0.478121]],"s":0.243764,"t":[-115.662,-151.183,18.8331],"timestamp":421489763}Å~{"hands":[],"id":15519,"interactionBox":{"center":[0,200,0],"size":[231.237,231.237,112.596]},"pointables":[],"r":[[0.515037,-0.0672347,-0.854527],[0.450221,0.86955,0.202938],[0.72941,-0.489246,0.478121]],"s":0.243764,"t":[-115.662,-151.183,18.8331],"timestamp":421513859}Å~{"hands":[],"id":15520,"interactionBox":{"center":[0,200,0],"size":[231.237,231.237,112.596]},"pointables":[],"r":[[0.515037,-0.0672347,-0.854527],[0.450221,0.86955,0.202938],[0.72941,-0.489246,0.478121]],"s":0.243764,"t":[-115.662,-151.183,18.8331],"timestamp":421585906}Å~{"hands":[],"id":15521,"interactionBox":{"center":[0,200,0],"size":[231.237,231.237,112.596]},"pointables":[],"r":[[0.515037,-0.0672347,-0.854527],[0.450221,0.86955,0.202938],[0.72941,-0.489246,0.478121]],"s":0.243764,"t":[-115.662,-151.183,18.8331],"timestamp":421633837}Å~{"hands":[],"id":15522,"interactionBox":{"center":[0,200,0],"size":[231.237,231.237,112.596]},"pointables":[],"r":[[0.515037,-0.0672347,-0.854527],[0.450221,0.86955,0.202938],[0.72941,-0.489246,0.478121]],"s":0.243764,"t":[-115.662,-151.183,18.8331],"timestamp":421669848}Å~{"hands":[],"id":15523,"interactionBox":{"center":[0,200,0],"size":[231.237,231.237,112.596]},"pointables":[],"r":[[0.515037,-0.0672347,-0.854527],[0.450221,0.86955,0.202938],[0.72941,-0.489246,0.478121]],"s":0.243764,"t":[-115.662,-151.183,18.8331],"timestamp":421681786}Å~{"hands":[],"id":15524,"interactionBox":{"center":[0,200,0],"size":[231.237,231.237,112.596]},"pointables":[],"r":[[0.515037,-0.0672347,-0.854527],[0.450221,0.86955,0.202938],[0.72941,-0.489246,0.478121]],"s":0.243764,"t":[-115.662,-151.183,18.8331],"timestamp":421693779}Å~{"hands":[],"id":15525,"interactionBox":{"center":[0,200,0],"size":[231.237,231.237,112.596]},"pointables":[],"r":[[0.515037,-0.0672347,-0.854527],[0.450221,0.86955,0.202938],[0.72941,-0.489246,0.478121]],"s":0.243764,"t":[-115.662,-151.183,18.8331],"timestamp":421705784}Å~{"hands":[],"id":15526,"interactionBox":{"center":[0,200,0],"size":[231.237,231.237,112.596]},"pointables":[],"r":[[0.515037,-0.0672347,-0.854527],[0.450221,0.86955,0.202938],[0.72941,-0.489246,0.478121]],"s":0.243764,"t":[-115.662,-151.183,18.8331],"timestamp":421717853}Å~{"hands":[],"id":15527,"interactionBox":{"center":[0,200,0],"size":[231.237,231.237,112.596]},"pointables":[],"r":[[0.515037,-0.0672347,-0.854527],[0.450221,0.86955,0.202938],[0.72941,-0.489246,0.478121]],"s":0.243764,"t":[-115.662,-151.183,18.8331],"timestamp":421729914}Å~{"hands":[],"id":15528,"interactionBox":{"center":[0,200,0],"size":[231.237,231.237,112.596]},"pointables":[],"r":[[0.515037,-0.0672347,-0.854527],[0.450221,0.86955,0.202938],[0.72941,-0.489246,0.478121]],"s":0.243764,"t":[-115.662,-151.183,18.8331],"timestamp":421742035}Å~{"hands":[],"id":15529,"interactionBox":{"center":[0,200,0],"size":[231.237,231.237,112.596]},"pointables":[],"r":[[0.515037,-0.0672347,-0.854527],[0.450221,0.86955,0.202938],[0.72941,-0.489246,0.478121]],"s":0.243764,"t":[-115.662,-151.183,18.8331],"timestamp":421766072}Å~{"hands":[],"id":15530,"interactionBox":{"center":[0,200,0],"size":[231.237,231.237,112.596]},"pointables":[],"r":[[0.515037,-0.0672347,-0.854527],[0.450221,0.86955,0.202938],[0.72941,-0.489246,0.478121]],"s":0.243764,"t":[-115.662,-151.183,18.8331],"timestamp":421778043}Å~{"hands":[],"id":15531,"interactionBox":{"center":[0,200,0],"size":[231.237,231.237,112.596]},"pointables":[],"r":[[0.515037,-0.0672347,-0.854527],[0.450221,0.86955,0.202938],[0.72941,-0.489246,0.478121]],"s":0.243764,"t":[-115.662,-151.183,18.8331],"timestamp":421873896}Å~{"hands":[],"id":15532,"interactionBox":{"center":[0,200,0],"size":[231.237,231.237,112.596]},"pointables":[],"r":[[0.515037,-0.0672347,-0.854527],[0.450221,0.86955,0.202938],[0.72941,-0.489246,0.478121]],"s":0.243764,"t":[-115.662,-151.183,18.8331],"timestamp":421921893}Å~{"hands":[],"id":15533,"interactionBox":{"center":[0,200,0],"size":[231.237,231.237,112.596]},"pointables":[],"r":[[0.515037,-0.0672347,-0.854527],[0.450221,0.86955,0.202938],[0.72941,-0.489246,0.478121]],"s":0.243764,"t":[-115.662,-151.183,18.8331],"timestamp":421957903}Å~{"hands":[],"id":15535,"interactionBox":{"center":[0,200,0],"size":[231.237,231.237,112.596]},"pointables":[],"r":[[0.515037,-0.0672347,-0.854527],[0.450221,0.86955,0.202938],[0.72941,-0.489246,0.478121]],"s":0.243764,"t":[-115.662,-151.183,18.8331],"timestamp":421993891}Å~{"hands":[],"id":15536,"interactionBox":{"center":[0,200,0],"size":[231.237,231.237,112.596]},"pointables":[],"r":[[0.515037,-0.0672347,-0.854527],[0.450221,0.86955,0.202938],[0.72941,-0.489246,0.478121]],"s":0.243764,"t":[-115.662,-151.183,18.8331],"timestamp":422005914}Å~{"hands":[],"id":15537,"interactionBox":{"center":[0,200,0],"size":[231.237,231.237,112.596]},"pointables":[],"r":[[0.515037,-0.0672347,-0.854527],[0.450221,0.86955,0.202938],[0.72941,-0.489246,0.478121]],"s":0.243764,"t":[-115.662,-151.183,18.8331],"timestamp":422017908}Å~{"hands":[],"id":15538,"interactionBox":{"center":[0,200,0],"size":[231.237,231.237,112.596]},"pointables":[],"r":[[0.515037,-0.0672347,-0.854527],[0.450221,0.86955,0.202938],[0.72941,-0.489246,0.478121]],"s":0.243764,"t":[-115.662,-151.183,18.8331],"timestamp":422029918}Å~{"hands":[],"id":15539,"interactionBox":{"center":[0,200,0],"size":[231.237,231.237,112.596]},"pointables":[],"r":[[0.515037,-0.0672347,-0.854527],[0.450221,0.86955,0.202938],[0.72941,-0.489246,0.478121]],"s":0.243764,"t":[-115.662,-151.183,18.8331],"timestamp":422065899}Å~{"hands":[],"id":15540,"interactionBox":{"center":[0,200,0],"size":[231.237,231.237,112.596]},"pointables":[],"r":[[0.515037,-0.0672347,-0.854527],[0.450221,0.86955,0.202938],[0.72941,-0.489246,0.478121]],"s":0.243764,"t":[-115.662,-151.183,18.8331],"timestamp":422077985}Å~{"hands":[],"id":15541,"interactionBox":{"center":[0,200,0],"size":[231.237,231.237,112.596]},"pointables":[],"r":[[0.515037,-0.0672347,-0.854527],[0.450221,0.86955,0.202938],[0.72941,-0.489246,0.478121]],"s":0.243764,"t":[-115.662,-151.183,18.8331],"timestamp":422089988}Å~{"hands":[],"id":15542,"interactionBox":{"center":[0,200,0],"size":[231.237,231.237,112.596]},"pointables":[],"r":[[0.515037,-0.0672347,-0.854527],[0.450221,0.86955,0.202938],[0.72941,-0.489246,0.478121]],"s":0.243764,"t":[-115.662,-151.183,18.8331],"timestamp":422101919}Å~{"hands":[],"id":15543,"interactionBox":{"center":[0,200,0],"size":[231.237,231.237,112.596]},"pointables":[],"r":[[0.515037,-0.0672347,-0.854527],[0.450221,0.86955,0.202938],[0.72941,-0.489246,0.478121]],"s":0.243764,"t":[-115.662,-151.183,18.8331],"timestamp":422114036}Å~{"hands":[],"id":15544,"interactionBox":{"center":[0,200,0],"size":[231.237,231.237,112.596]},"pointables":[],"r":[[0.515037,-0.0672347,-0.854527],[0.450221,0.86955,0.202938],[0.72941,-0.489246,0.478121]],"s":0.243764,"t":[-115.662,-151.183,18.8331],"timestamp":422126162}Å~{"hands":[],"id":15545,"interactionBox":{"center":[0,200,0],"size":[231.237,231.237,112.596]},"pointables":[],"r":[[0.515037,-0.0672347,-0.854527],[0.450221,0.86955,0.202938],[0.72941,-0.489246,0.478121]],"s":0.243764,"t":[-115.662,-151.183,18.8331],"timestamp":422162020}Å~{"hands":[],"id":15546,"interactionBox":{"center":[0,200,0],"size":[231.237,231.237,112.596]},"pointables":[],"r":[[0.515037,-0.0672347,-0.854527],[0.450221,0.86955,0.202938],[0.72941,-0.489246,0.478121]],"s":0.243764,"t":[-115.662,-151.183,18.8331],"timestamp":422186022}Å~{"hands":[],"id":15547,"interactionBox":{"center":[0,200,0],"size":[231.237,231.237,112.596]},"pointables":[],"r":[[0.515037,-0.0672347,-0.854527],[0.450221,0.86955,0.202938],[0.72941,-0.489246,0.478121]],"s":0.243764,"t":[-115.662,-151.183,18.8331],"timestamp":422258025}Å~{"hands":[],"id":15548,"interactionBox":{"center":[0,200,0],"size":[231.237,231.237,112.596]},"pointables":[],"r":[[0.515037,-0.0672347,-0.854527],[0.450221,0.86955,0.202938],[0.72941,-0.489246,0.478121]],"s":0.243764,"t":[-115.662,-151.183,18.8331],"timestamp":422354021}Å~{"hands":[],"id":15549,"interactionBox":{"center":[0,200,0],"size":[231.237,231.237,112.596]},"pointables":[],"r":[[0.515037,-0.0672347,-0.854527],[0.450221,0.86955,0.202938],[0.72941,-0.489246,0.478121]],"s":0.243764,"t":[-115.662,-151.183,18.8331],"timestamp":422378022}Å~{"hands":[],"id":15550,"interactionBox":{"center":[0,200,0],"size":[231.237,231.237,112.596]},"pointables":[],"r":[[0.515037,-0.0672347,-0.854527],[0.450221,0.86955,0.202938],[0.72941,-0.489246,0.478121]],"s":0.243764,"t":[-115.662,-151.183,18.8331],"timestamp":422402025}Å~{"hands":[],"id":15551,"interactionBox":{"center":[0,200,0],"size":[231.237,231.237,112.596]},"pointables":[],"r":[[0.515037,-0.0672347,-0.854527],[0.450221,0.86955,0.202938],[0.72941,-0.489246,0.478121]],"s":0.243764,"t":[-115.662,-151.183,18.8331],"timestamp":422414068}Å~{"hands":[],"id":15552,"interactionBox":{"center":[0,200,0],"size":[231.237,231.237,112.596]},"pointables":[],"r":[[0.515037,-0.0672347,-0.854527],[0.450221,0.86955,0.202938],[0.72941,-0.489246,0.478121]],"s":0.243764,"t":[-115.662,-151.183,18.8331],"timestamp":422438066}Å~{"hands":[],"id":15553,"interactionBox":{"center":[0,200,0],"size":[231.237,231.237,112.596]},"pointables":[],"r":[[0.515037,-0.0672347,-0.854527],[0.450221,0.86955,0.202938],[0.72941,-0.489246,0.478121]],"s":0.243764,"t":[-115.662,-151.183,18.8331],"timestamp":422450050}Å~{"hands":[],"id":15554,"interactionBox":{"center":[0,200,0],"size":[231.237,231.237,112.596]},"pointables":[],"r":[[0.515037,-0.0672347,-0.854527],[0.450221,0.86955,0.202938],[0.72941,-0.489246,0.478121]],"s":0.243764,"t":[-115.662,-151.183,18.8331],"timestamp":422462170}Å~{"hands":[],"id":15555,"interactionBox":{"center":[0,200,0],"size":[231.237,231.237,112.596]},"pointables":[],"r":[[0.515037,-0.0672347,-0.854527],[0.450221,0.86955,0.202938],[0.72941,-0.489246,0.478121]],"s":0.243764,"t":[-115.662,-151.183,18.8331],"timestamp":422474188}Å~{"hands":[],"id":15556,"interactionBox":{"center":[0,200,0],"size":[231.237,231.237,112.596]},"pointables":[],"r":[[0.515037,-0.0672347,-0.854527],[0.450221,0.86955,0.202938],[0.72941,-0.489246,0.478121]],"s":0.243764,"t":[-115.662,-151.183,18.8331],"timestamp":422498407}Å~{"hands":[],"id":15557,"interactionBox":{"center":[0,200,0],"size":[231.237,231.237,112.596]},"pointables":[],"r":[[0.515037,-0.0672347,-0.854527],[0.450221,0.86955,0.202938],[0.72941,-0.489246,0.478121]],"s":0.243764,"t":[-115.662,-151.183,18.8331],"timestamp":422546143}Å~{"hands":[],"id":15558,"interactionBox":{"center":[0,200,0],"size":[231.237,231.237,112.596]},"pointables":[],"r":[[0.515037,-0.0672347,-0.854527],[0.450221,0.86955,0.202938],[0.72941,-0.489246,0.478121]],"s":0.243764,"t":[-115.662,-151.183,18.8331],"timestamp":422642137}Å~{"hands":[],"id":15559,"interactionBox":{"center":[0,200,0],"size":[231.237,231.237,112.596]},"pointables":[],"r":[[0.515037,-0.0672347,-0.854527],[0.450221,0.86955,0.202938],[0.72941,-0.489246,0.478121]],"s":0.243764,"t":[-115.662,-151.183,18.8331],"timestamp":422690142}Å~{"hands":[],"id":15560,"interactionBox":{"center":[0,200,0],"size":[231.237,231.237,112.596]},"pointables":[],"r":[[0.515037,-0.0672347,-0.854527],[0.450221,0.86955,0.202938],[0.72941,-0.489246,0.478121]],"s":0.243764,"t":[-115.662,-151.183,18.8331],"timestamp":422738147}Å~{"hands":[],"id":15561,"interactionBox":{"center":[0,200,0],"size":[231.237,231.237,112.596]},"pointables":[],"r":[[0.515037,-0.0672347,-0.854527],[0.450221,0.86955,0.202938],[0.72941,-0.489246,0.478121]],"s":0.243764,"t":[-115.662,-151.183,18.8331],"timestamp":422750181}Å~{"hands":[],"id":15562,"interactionBox":{"center":[0,200,0],"size":[231.237,231.237,112.596]},"pointables":[],"r":[[0.515037,-0.0672347,-0.854527],[0.450221,0.86955,0.202938],[0.72941,-0.489246,0.478121]],"s":0.243764,"t":[-115.662,-151.183,18.8331],"timestamp":422762182}Å~{"hands":[],"id":15563,"interactionBox":{"center":[0,200,0],"size":[231.237,231.237,112.596]},"pointables":[],"r":[[0.515037,-0.0672347,-0.854527],[0.450221,0.86955,0.202938],[0.72941,-0.489246,0.478121]],"s":0.243764,"t":[-115.662,-151.183,18.8331],"timestamp":422786149}Å~${"hands":[],"id":15564,"interactionBox":{"center":[0,200,0],"size":[231.237,231.237,112.596]},"pointables":[{"direction":[-0.456766,0.107762,0.883036],"handId":7,"id":2,"length":63.0208,"stabilizedTipPosition":[51.0759,182.453,-93.8515],"tipPosition":[51.0759,182.453,-93.8515],"tipVelocity":[-408.104,793.684,27.478],"tool":false,"touchDist":0.0160878,"touchZone":"none"},{"direction":[-0.322339,0.0889743,0.942434],"handId":7,"id":3,"length":50.3462,"stabilizedTipPosition":[69.6889,149.651,-80.4396],"tipPosition":[69.6889,149.651,-80.4396],"tipVelocity":[-426.362,759.399,128.789],"tool":false,"touchDist":0.0112864,"touchZone":"none"}],"r":[[0.513731,-0.0634115,-0.855605],[0.451871,0.867733,0.207007],[0.72931,-0.492969,0.474435]],"s":0.241342,"t":[-117.512,-147.618,18.9092],"timestamp":422798193}Å~:{"hands":[],"id":15565,"interactionBox":{"center":[0,200,0],"size":[231.237,231.237,112.596]},"pointables":[{"direction":[-0.600662,0.172913,0.780581],"handId":7,"id":6,"length":29.0582,"stabilizedTipPosition":[19.3026,145.368,-193.815],"tipPosition":[19.3026,145.368,-193.815],"tipVelocity":[-153.917,530.658,3.10081],"tool":false,"touchDist":0.0220347,"touchZone":"none"},{"direction":[-0.686057,0.235934,0.68823],"handId":-1,"id":5,"length":66.1693,"stabilizedTipPosition":[14.4108,211.726,-135.906],"tipPosition":[14.4108,211.726,-135.906],"tipVelocity":[-218.846,670.242,-166.942],"tool":false,"touchDist":0.0262656,"touchZone":"none"},{"direction":[-0.453315,0.0965922,0.886101],"handId":7,"id":2,"length":57.3082,"stabilizedTipPosition":[48.2101,188.805,-94.73],"tipPosition":[47.9029,189.486,-94.8241],"tipVelocity":[-204.634,549.176,-89.3798],"tool":false,"touchDist":0.0665214,"touchZone":"none"},{"direction":[-0.248547,-0.0240178,0.968322],"handId":7,"id":3,"length":48.9283,"stabilizedTipPosition":[66.3394,155.95,-80.4331],"tipPosition":[65.8913,156.792,-80.4322],"tipVelocity":[-235.059,434.138,13.2676],"tool":false,"touchDist":0.0657292,"touchZone":"none"}],"r":[[0.511425,-0.0597365,-0.857249],[0.454985,0.865103,0.211155],[0.728995,-0.498025,0.469614]],"s":0.238461,"t":[-120.022,-142.446,18.671],"timestamp":422822200}Å~9{"hands":[],"id":15566,"interactionBox":{"center":[0,200,0],"size":[231.237,231.237,112.596]},"pointables":[{"direction":[-0.611196,0.180814,0.770549],"handId":7,"id":6,"length":30.0134,"stabilizedTipPosition":[18.6846,151.285,-195.976],"tipPosition":[18.6327,151.782,-196.158],"tipVelocity":[293.945,686.876,-702.863],"tool":false,"touchDist":0.0665242,"touchZone":"none"},{"direction":[-0.687532,0.275015,0.672061],"handId":7,"id":5,"length":69.0739,"stabilizedTipPosition":[14.4108,211.726,-135.906],"tipPosition":[12.293,219.641,-137.052],"tipVelocity":[-220.952,1138.51,-159.9],"tool":false,"touchDist":-0.0256783,"touchZone":"none"},{"direction":[-0.385373,0.0295006,0.922289],"handId":7,"id":2,"length":55.2689,"stabilizedTipPosition":[48.1851,190.685,-92.119],"tipPosition":[48.1837,190.788,-91.9761],"tipVelocity":[901.55,-1382.28,1245.16],"tool":false,"touchDist":0.0664638,"touchZone":"none"},{"direction":[-0.287179,-0.0324787,0.957326],"handId":-1,"id":3,"length":48.9283,"stabilizedTipPosition":[67.4406,157.452,-82.3719],"tipPosition":[67.516,157.554,-82.5046],"tipVelocity":[1386.5,-1288.12,-548.802],"tool":false,"touchDist":0.0663401,"touchZone":"none"}],"r":[[0.511935,-0.0553941,-0.857236],[0.450079,0.867278,0.212741],[0.731677,-0.494733,0.468922]],"s":0.248047,"t":[-121.374,-138.066,17.6796],"timestamp":422834300}Å~3{"hands":[],"id":15567,"interactionBox":{"center":[0,200,0],"size":[231.237,231.237,112.596]},"pointables":[{"direction":[-0.613102,0.201058,0.76399],"handId":7,"id":6,"length":30.9996,"stabilizedTipPosition":[15.6189,158.445,-195.026],"tipPosition":[15.4609,158.814,-194.977],"tipVelocity":[-893.65,775.203,1011.28],"tool":false,"touchDist":0.0665211,"touchZone":"none"},{"direction":[-0.68737,0.301056,0.660975],"handId":7,"id":5,"length":71.4747,"stabilizedTipPosition":[10.8645,224.984,-137.554],"tipPosition":[10.4027,226.71,-137.768],"tipVelocity":[-204.5,702.629,-101.986],"tool":false,"touchDist":0.0664739,"touchZone":"none"},{"direction":[-0.377172,0.0718266,0.923354],"handId":7,"id":2,"length":53.5288,"stabilizedTipPosition":[48.0186,193.358,-89.7688],"tipPosition":[48.0074,193.538,-89.6105],"tipVelocity":[148.792,333.015,370.984],"tool":false,"touchDist":0.103882,"touchZone":"none"},{"direction":[-0.319041,-0.0740819,0.944841],"handId":-1,"id":3,"length":48.9283,"stabilizedTipPosition":[68.2876,159.483,-83.6216],"tipPosition":[68.3666,159.673,-83.7381],"tipVelocity":[440.12,16.0375,-249.239],"tool":false,"touchDist":0.0995081,"touchZone":"none"}],"r":[[0.51671,-0.0514903,-0.854611],[0.440688,0.871798,0.21392],[0.734033,-0.487152,0.473158]],"s":0.260161,"t":[-122.567,-133.588,17.3002],"timestamp":422846305}Å~7{"hands":[],"id":15568,"interactionBox":{"center":[0,200,0],"size":[231.237,231.237,112.596]},"pointables":[{"direction":[-0.591702,0.194641,0.782307],"handId":7,"id":6,"length":32.1879,"stabilizedTipPosition":[12.4923,170.592,-190.095],"tipPosition":[12.2942,171.362,-189.782],"tipVelocity":[-65.7587,415.009,254.421],"tool":false,"touchDist":0.151424,"touchZone":"none"},{"direction":[0.358898,-0.33476,0.871279],"handId":-1,"id":10,"length":58.6794,"stabilizedTipPosition":[-169.157,190.989,-136.153],"tipPosition":[-169.157,190.989,-136.153],"tipVelocity":[825.375,157.672,580.261],"tool":false,"touchDist":0.016877,"touchZone":"none"},{"direction":[-0.697938,0.21875,0.681932],"handId":-1,"id":5,"length":71.4747,"stabilizedTipPosition":[8.68988,229.22,-135.055],"tipPosition":[8.25133,230.075,-134.551],"tipVelocity":[-160.208,10.3224,52.2108],"tool":false,"touchDist":0.0665105,"touchZone":"none"},{"direction":[-0.288099,-0.0158022,0.95747],"handId":7,"id":2,"length":50.2841,"stabilizedTipPosition":[44.7935,200.116,-87.7961],"tipPosition":[44.5247,200.679,-87.6317],"tipVelocity":[-135.091,288.16,64.1994],"tool":false,"touchDist":0.121976,"touchZone":"none"}],"r":[[0.525245,-0.0559807,-0.849107],[0.434462,0.875621,0.211023],[0.731683,-0.479744,0.484237]],"s":0.238329,"t":[-124.572,-128.595,18.9038],"timestamp":422930271}Å~&{"hands":[],"id":15569,"interactionBox":{"center":[0,200,0],"size":[231.237,231.237,112.596]},"pointables":[{"direction":[-0.574037,0.00941965,0.818775],"handId":7,"id":6,"length":31.7269,"stabilizedTipPosition":[7.56434,178.742,-183.971],"tipPosition":[7.18005,179.378,-183.494],"tipVelocity":[-122.298,-103.219,97.1414],"tool":false,"touchDist":0.181755,"touchZone":"none"},{"direction":[0.268019,-0.25743,0.928383],"handId":9,"id":10,"length":50.1406,"stabilizedTipPosition":[-169.157,190.989,-136.153],"tipPosition":[-149.38,190.871,-61.057],"tipVelocity":[-232.839,-133.946,929.659],"tool":false,"touchDist":0.0999389,"touchZone":"none"}],"r":[[0.580126,-0.0929454,-0.809206],[0.42209,0.883975,0.201067],[0.69663,-0.458202,0.552049]],"s":0.236962,"t":[-121.909,-124.124,40.0519],"timestamp":423026268}Å~B{"hands":[{"direction":[0.565159,-0.822465,-0.0643892],"id":7,"palmNormal":[-0.333689,-0.299278,0.893915],"palmPosition":[38.0081,175.931,-166.354],"palmVelocity":[-304.027,-113.345,-157.339],"r":[[1,0,0],[0,1,0],[0,0,1]],"s":1,"sphereCenter":[32.6505,163.813,-148.601],"sphereRadius":73.1985,"t":[0,0,0]}],"id":15570,"interactionBox":{"center":[0,200,0],"size":[231.237,231.237,112.596]},"pointables":[{"direction":[0.214582,-0.272461,0.937934],"handId":9,"id":10,"length":51.7805,"stabilizedTipPosition":[-155.063,188.195,-35.032],"tipPosition":[-153.471,187.88,-23.6136],"tipVelocity":[-671.946,-259.197,15.3668],"tool":false,"touchDist":0.0663654,"touchZone":"none"}],"r":[[0.622034,-0.120924,-0.773596],[0.412563,0.890344,0.19256],[0.665482,-0.438936,0.603713]],"s":0.236005,"t":[-122.623,-123.384,69.3476],"timestamp":423074268}Å~P{"hands":[{"direction":[0.694406,-0.708312,0.126861],"id":7,"palmNormal":[-0.240472,-0.0622618,0.968657],"palmPosition":[23.3192,175.721,-186.871],"palmVelocity":[-407.889,-5.81477,-569.725],"r":[[1,0,0],[0,1,0],[0,0,1]],"s":1,"sphereCenter":[24.4624,162.152,-177.914],"sphereRadius":63.871,"t":[-7.34444,-0.104701,-10.2585]}],"id":15571,"interactionBox":{"center":[0,200,0],"size":[231.237,231.237,112.596]},"pointables":[{"direction":[0.0300129,-0.246168,0.968762],"handId":9,"id":12,"length":33.6386,"stabilizedTipPosition":[0,0,0],"tipPosition":[-52.6766,221.341,-10.4929],"tipVelocity":[79.7365,80.9972,391.555],"tool":false,"touchDist":1,"touchZone":"none"},{"direction":[0.180966,-0.296618,0.937693],"handId":-1,"id":10,"length":51.7805,"stabilizedTipPosition":[-154.123,186.778,-8.93397],"tipPosition":[-153.98,186.562,-4.96046],"tipVelocity":[76.5172,93.8418,296.388],"tool":false,"touchDist":0.0664007,"touchZone":"none"},{"direction":[0.026942,-0.115534,0.992938],"handId":9,"id":1,"length":26.4907,"stabilizedTipPosition":[-107.572,194.677,25.9184],"tipPosition":[-107.572,194.677,25.9184],"tipVelocity":[82.4461,112.973,346.208],"tool":false,"touchDist":0.00395306,"touchZone":"none"}],"r":[[0.650674,-0.149564,-0.744482],[0.409935,0.894461,0.178587],[0.6392,-0.421391,0.643314]],"s":0.201057,"t":[-123.234,-123.673,94.2544],"timestamp":423110280}Å~°{"hands":[{"direction":[0.894396,-0.387606,0.223198],"id":7,"palmNormal":[-0.202322,0.0944467,0.974754],"palmPosition":[11.212,167.27,-204.993],"palmVelocity":[-1005.58,-701.929,-1505.17],"r":[[1,0,0],[0,1,0],[0,0,1]],"s":1,"sphereCenter":[16.7556,155.664,-199.671],"sphereRadius":58.0007,"t":[-17.0703,-4.38266,-24.4488]},{"direction":[-0.131428,-0.144542,-0.980731],"id":9,"palmNormal":[0.378565,-0.921654,0.0851039],"palmPosition":[-131.823,183.901,-181.486],"palmVelocity":[466.202,130.132,-516.965],"r":[[1,0,0],[0,1,0],[0,0,1]],"s":1,"sphereCenter":[-134.217,168.808,-201.764],"sphereRadius":60.3104,"t":[0,0,0]}],"id":15572,"interactionBox":{"center":[0,200,0],"size":[231.237,231.237,112.596]},"pointables":[{"direction":[0.424698,0.428351,0.797588],"handId":9,"id":13,"length":28.8492,"stabilizedTipPosition":[-47.5325,200.422,-41.1633],"tipPosition":[-47.5325,200.422,-41.1633],"tipVelocity":[467.551,514.247,762.173],"tool":false,"touchDist":0.0211636,"touchZone":"none"},{"direction":[0.15395,-0.308846,0.93857],"handId":9,"id":10,"length":53.0496,"stabilizedTipPosition":[-154.123,186.778,-8.93397],"tipPosition":[-150.692,186.189,8.53577],"tipVelocity":[699.368,245.492,897.457],"tool":false,"touchDist":0.0746774,"touchZone":"none"},{"direction":[0.104145,-0.25819,0.960464],"handId":9,"id":12,"length":45.4221,"stabilizedTipPosition":[-57.7893,220.832,8.57991],"tipPosition":[-57.7893,220.832,8.57991],"tipVelocity":[449.241,268.454,780.042],"tool":false,"touchDist":0.00935333,"touchZone":"none"},{"direction":[0.150753,-0.374241,0.914996],"handId":9,"id":14,"length":44.8688,"stabilizedTipPosition":[-126.438,192.749,30.9806],"tipPosition":[-126.438,192.749,30.9806],"tipVelocity":[561.558,142.839,775.474],"tool":false,"touchDist":0.0137149,"touchZone":"none"},{"direction":[0.0462713,-0.178107,0.982923],"handId":9,"id":1,"length":29.1954,"stabilizedTipPosition":[-102.166,197.158,36.5675],"tipPosition":[-101.105,197.645,38.6576],"tipVelocity":[535.872,253.505,841.696],"tool":false,"touchDist":0.066504,"touchZone":"none"}],"r":[[0.662231,-0.172084,-0.729272],[0.409255,0.898344,0.159653],[0.627663,-0.404185,0.665337]],"s":0.157808,"t":[-120.306,-122.333,113.456],"timestamp":423122320}Å~	{"hands":[{"direction":[0.902899,-0.341508,0.261048],"id":7,"palmNormal":[-0.188138,0.232077,0.954329],"palmPosition":[4.96067,158.879,-217.128],"palmVelocity":[-521.679,-700.292,-1012.63],"r":[[1,0,0],[0,1,0],[0,0,1]],"s":1,"sphereCenter":[12.1891,148.095,-214.388],"sphereRadius":55.0569,"t":[-25.0588,-10.7174,-37.6112]},{"direction":[-0.151868,-0.127712,-0.980115],"id":9,"palmNormal":[0.410555,-0.910176,0.0549831],"palmPosition":[-128.669,185.602,-187.346],"palmVelocity":[263.247,141.985,-489.056],"r":[[0.999939,-0.00455273,-0.0100329],[0.00450693,0.999979,-0.00458225],[0.0100535,0.00453676,0.999939]],"s":0.989414,"sphereCenter":[-132.621,171.856,-207.351],"sphereRadius":61.0324,"t":[2.15613,1.23772,3.70994]}],"id":15573,"interactionBox":{"center":[0,200,0],"size":[231.237,231.237,112.596]},"pointables":[{"direction":[0.432767,0.371587,0.821362],"handId":9,"id":13,"length":30.3678,"stabilizedTipPosition":[-41.4236,204.579,-31.8681],"tipPosition":[-39.8468,205.652,-29.4688],"tipVelocity":[341.837,224.272,351.135],"tool":false,"touchDist":0.0664766,"touchZone":"none"},{"direction":[0.131911,-0.316366,0.939421],"handId":9,"id":10,"length":54.0245,"stabilizedTipPosition":[-148.443,186.426,12.6498],"tipPosition":[-147.573,186.372,15.9557],"tipVelocity":[349.843,198.291,402.639],"tool":false,"touchDist":0.560092,"touchZone":"none"},{"direction":[0.150798,-0.270982,0.950699],"handId":9,"id":12,"length":53.4987,"stabilizedTipPosition":[-58.8246,220.723,18.8576],"tipPosition":[-59.1087,220.693,21.6773],"tipVelocity":[358.713,106.277,418.897],"tool":false,"touchDist":0.0663826,"touchZone":"none"},{"direction":[0.156355,-0.378254,0.912402],"handId":9,"id":14,"length":44.722,"stabilizedTipPosition":[-122.774,194.584,36.2675],"tipPosition":[-121.453,195.245,38.1735],"tipVelocity":[352.078,194.09,380.391],"tool":false,"touchDist":0.0665245,"touchZone":"none"},{"direction":[0.0604763,-0.224825,0.972521],"handId":9,"id":1,"length":31.0209,"stabilizedTipPosition":[-97.7119,199.613,43.1903],"tipPosition":[-96.7926,200.12,44.5571],"tipVelocity":[373.941,159.407,351.337],"tool":false,"touchDist":0.066514,"touchZone":"none"}],"r":[[0.663205,-0.18967,-0.724006],[0.408874,0.902062,0.138222],[0.626882,-0.387697,0.675803]],"s":0.11682,"t":[-116.686,-120.426,126.767],"timestamp":423134303}Å~Ω{"hands":[{"direction":[-0.188155,-0.100197,-0.977015],"id":9,"palmNormal":[0.402792,-0.915147,0.0162818],"palmPosition":[-126.213,188.27,-196.857],"palmVelocity":[68.2906,74.1829,-264.433],"r":[[0.999727,-0.0104497,-0.0209034],[0.010227,0.99989,-0.0107332],[0.0210132,0.0105165,0.999724]],"s":0.977464,"sphereCenter":[-126.513,170.55,-211.476],"sphereRadius":63.6904,"t":[7.38919,3.29464,9.14398]}],"id":15574,"interactionBox":{"center":[0,200,0],"size":[231.237,231.237,112.596]},"pointables":[{"direction":[0.439751,0.327462,0.836294],"handId":9,"id":13,"length":31.6154,"stabilizedTipPosition":[-33.0166,209.045,-24.6964],"tipPosition":[-30.22,210.531,-22.3107],"tipVelocity":[410.068,145.728,172.842],"tool":false,"touchDist":0.0664861,"touchZone":"none"},{"direction":[0.120482,-0.323841,0.938409],"handId":9,"id":10,"length":54.9892,"stabilizedTipPosition":[-141.79,187.364,22.0364],"tipPosition":[-140.798,187.503,23.4356],"tipVelocity":[459.509,153.341,318.766],"tool":false,"touchDist":0.554526,"touchZone":"none"},{"direction":[0.183101,-0.288701,0.939748],"handId":9,"id":12,"length":56.9384,"stabilizedTipPosition":[-54.238,220.995,29.2145],"tipPosition":[-53.0617,221.065,31.8706],"tipVelocity":[498.404,67.7183,236.847],"tool":false,"touchDist":0.0664631,"touchZone":"none"},{"direction":[0.154193,-0.369675,0.916278],"handId":9,"id":14,"length":41.5876,"stabilizedTipPosition":[-115.303,197.328,43.0068],"tipPosition":[-113.143,198.121,44.9554],"tipVelocity":[492.77,153.387,275.372],"tool":false,"touchDist":0.066525,"touchZone":"none"},{"direction":[0.0761347,-0.268713,0.960207],"handId":9,"id":1,"length":28.9102,"stabilizedTipPosition":[-89.8951,202.988,47.2583],"tipPosition":[-88.2293,203.707,48.1252],"tipVelocity":[460.494,180.01,83.9055],"tool":false,"touchDist":0.160669,"touchZone":"none"}],"r":[[0.661284,-0.204542,-0.72171],[0.408464,0.90515,0.117733],[0.629174,-0.372648,0.682109]],"s":0.0836569,"t":[-110.721,-118.034,137.001],"timestamp":423170268}Å~∫{"hands":[{"direction":[-0.207779,-0.0832459,-0.974627],"id":