object FLabels: TFLabels
  Left = 0
  Top = 0
  Caption = 'Labels'
  ClientHeight = 460
  ClientWidth = 320
  Quality = HighPerformance
  FormFactor.Width = 320
  FormFactor.Height = 480
  FormFactor.Devices = [Desktop]
  DesignerMasterStyle = 2
  object DPFUIView1: TDPFUIView
    Alpha = 1.000000000000000000
    ShadowOffsetHeight = 10.000000000000000000
    ShadowOpacity = 1.000000000000000000
    ShadowRadius = 10.000000000000000000
    TagNative = 0
    Align = Client
    Size.Width = 320.000000000000000000
    Size.Height = 460.000000000000000000
    Size.PlatformDefault = False
    object DPFUITableView1: TDPFUITableView
      Alpha = 1.000000000000000000
      ShadowOffsetHeight = 10.000000000000000000
      ShadowOpacity = 1.000000000000000000
      ShadowRadius = 10.000000000000000000
      TagNative = 0
      Position.X = 72.000000000000000000
      Position.Y = 128.000000000000000000
      Size.Width = 249.000000000000000000
      Size.Height = 289.000000000000000000
      Size.PlatformDefault = False
      Options.TextFont.FontName = ios_Helvetica_Bold
      Options.TextFont.FontSize = 18
      Options.DescriptionFont.FontName = ios_Helvetica
      Options.RowHeight = 44.000000000000000000
      Sections = <>
    end
    object DPFUIView2: TDPFUIView
      Alpha = 1.000000000000000000
      ClipsToBounds = False
      Shadow = True
      ShadowOffsetWidth = 10.000000000000000000
      ShadowOffsetHeight = 20.000000000000000000
      ShadowOpacity = 1.000000000000000000
      ShadowRadius = 10.000000000000000000
      BorderWidth = 1
      TagNative = 0
      Position.X = 16.000000000000000000
      Position.Y = 112.000000000000000000
      Size.Width = 114.000000000000000000
      Size.Height = 137.000000000000000000
      Size.PlatformDefault = False
      BackgroundColor = claMediumblue
    end
    object DPFUIView3: TDPFUIView
      Alpha = 1.000000000000000000
      ClipsToBounds = False
      Shadow = True
      ShadowOffsetWidth = 10.000000000000000000
      ShadowOffsetHeight = 20.000000000000000000
      ShadowOpacity = 1.000000000000000000
      ShadowRadius = 10.000000000000000000
      BorderWidth = 1
      TagNative = 0
      Position.X = 24.000000000000000000
      Position.Y = 312.000000000000000000
      Size.Width = 114.000000000000000000
      Size.Height = 137.000000000000000000
      Size.PlatformDefault = False
      BackgroundColor = claMaroon
    end
    object DPFUIView4: TDPFUIView
      Alpha = 1.000000000000000000
      ShadowOffsetHeight = 10.000000000000000000
      ShadowOpacity = 1.000000000000000000
      ShadowRadius = 10.000000000000000000
      TagNative = 0
      Position.X = 88.000000000000000000
      Position.Y = 200.000000000000000000
      Size.Width = 153.000000000000000000
      Size.Height = 177.000000000000000000
      Size.PlatformDefault = False
    end
    object DPFUIView5: TDPFUIView
      Alpha = 1.000000000000000000
      ClipsToBounds = False
      Shadow = True
      ShadowOffsetWidth = 10.000000000000000000
      ShadowOffsetHeight = 20.000000000000000000
      ShadowOpacity = 1.000000000000000000
      ShadowRadius = 10.000000000000000000
      BorderWidth = 1
      TagNative = 0
      Position.X = 176.000000000000000000
      Position.Y = 104.000000000000000000
      Size.Width = 114.000000000000000000
      Size.Height = 137.000000000000000000
      Size.PlatformDefault = False
      BackgroundColor = claLimegreen
    end
  end
end
