object FTextField: TFTextField
  Left = 0
  Top = 0
  Caption = 'TextField'
  ClientHeight = 417
  ClientWidth = 320
  FormFactor.Width = 320
  FormFactor.Height = 480
  FormFactor.Devices = [Desktop]
  DesignerMasterStyle = 2
  object DPFUIView1: TDPFUIView
    Alpha = 1.000000000000000000
    ShadowOffsetHeight = 10.000000000000000000
    ShadowOpacity = 1.000000000000000000
    ShadowRadius = 10.000000000000000000
    TagBoolean = False
    TagNative = 0
    Align = Client
    Size.Width = 320.000000000000000000
    Size.Height = 417.000000000000000000
    Size.PlatformDefault = False
    BackgroundImage = 'background.png'
    object DPFTextField1: TDPFTextField
      Alpha = 1.000000000000000000
      ShadowOffsetHeight = 10.000000000000000000
      ShadowOpacity = 1.000000000000000000
      ShadowRadius = 10.000000000000000000
      TagNative = 0
      Position.X = 48.000000000000000000
      Position.Y = 92.000000000000000000
      Size.Width = 233.000000000000000000
      Size.Height = 49.000000000000000000
      Size.PlatformDefault = False
    end
    object DPFButton1: TDPFButton
      Alpha = 1.000000000000000000
      ClipsToBounds = False
      ShadowOffsetHeight = 10.000000000000000000
      ShadowOpacity = 1.000000000000000000
      ShadowRadius = 10.000000000000000000
      BorderWidth = 1
      BorderColor = claYellowgreen
      TagNative = 0
      Position.X = 48.000000000000000000
      Position.Y = 204.000000000000000000
      Size.Width = 137.000000000000000000
      Size.Height = 50.000000000000000000
      Size.PlatformDefault = False
      Text = 'Show Keyboard'
      TintColor = claYellowgreen
      TextLineBreak = lbCharacterWrap
      TextAlpha = 1.000000000000000000
      OnClick = DPFButton1Click
    end
    object DPFTextField2: TDPFTextField
      Alpha = 1.000000000000000000
      ShadowOffsetHeight = 10.000000000000000000
      ShadowOpacity = 1.000000000000000000
      ShadowRadius = 10.000000000000000000
      TagNative = 0
      Position.X = 48.000000000000000000
      Position.Y = 148.000000000000000000
      Size.Width = 233.000000000000000000
      Size.Height = 49.000000000000000000
      Size.PlatformDefault = False
    end
    object DPFLabel1: TDPFLabel
      Alpha = 1.000000000000000000
      ClipsToBounds = False
      ShadowOffsetHeight = 10.000000000000000000
      ShadowOpacity = 1.000000000000000000
      ShadowRadius = 10.000000000000000000
      TagNative = 0
      Align = Top
      Size.Width = 320.000000000000000000
      Size.Height = 73.000000000000000000
      Size.PlatformDefault = False
      TextAlignment = taCenter
      BaseLineAdjustment = blaAlignBaseLines
    end
  end
  object DPFKeyboard1: TDPFKeyboard
    HideButtonCaption = 'Close Keyboard!'
    OnKeyBoardWillShow = DPFKeyboard1KeyBoardWillShow
    OnKeyBoardWillHide = DPFKeyboard1KeyBoardWillHide
    OnKeyBoardWillChange = DPFKeyboard1KeyBoardWillChange
    Left = 256
    Top = 96
  end
end
