object Form3: TForm3
  Left = 0
  Top = 0
  Caption = 'Form3'
  ClientHeight = 460
  ClientWidth = 320
  FormFactor.Width = 320
  FormFactor.Height = 480
  FormFactor.Devices = [Desktop]
  OnShow = FormShow
  DesignerMasterStyle = 2
  object DPFUIView1: TDPFUIView
    Alpha = 1.000000000000000000
    ShadowOffsetHeight = 10.000000000000000000
    ShadowOpacity = 1.000000000000000000
    ShadowRadius = 10.000000000000000000
    TagNative = 0
    Align = Client
    Size.Width = 320.000000000000000000
    Size.Height = 460.000000000000000000
    Size.PlatformDefault = False
    BackgroundImage = 'background.png'
    object DPFImageView1: TDPFImageView
      Alpha = 1.000000000000000000
      ShadowOffsetHeight = 10.000000000000000000
      ShadowOpacity = 1.000000000000000000
      ShadowRadius = 10.000000000000000000
      TagNative = 0
      Margins.Left = 10.000000000000000000
      Margins.Top = 25.000000000000000000
      Margins.Right = 10.000000000000000000
      Margins.Bottom = 10.000000000000000000
      Align = Top
      Position.X = 10.000000000000000000
      Position.Y = 25.000000000000000000
      Size.Width = 300.000000000000000000
      Size.Height = 161.000000000000000000
      Size.PlatformDefault = False
      BackgroundColor = claBlack
      ImageList.Strings = (
        'DPF1.png')
      AnimationDuration = 1.000000000000000000
      LoadFromURL = True
      LoadAsync = True
      ShowIndicator = True
      IndicatorAlpha = 0.699999988079071000
      OnProgress = DPFImageView1Progress
    end
    object DPFButton1: TDPFButton
      Alpha = 1.000000000000000000
      ClipsToBounds = False
      ShadowOffsetHeight = 10.000000000000000000
      ShadowOpacity = 1.000000000000000000
      ShadowRadius = 10.000000000000000000
      BorderWidth = 1
      BorderColor = claGray
      TagNative = 0
      Position.X = 96.000000000000000000
      Position.Y = 360.000000000000000000
      Size.Width = 129.000000000000000000
      Size.Height = 50.000000000000000000
      Size.PlatformDefault = False
      Text = 'Load'
      TextLineBreak = lbCharacterWrap
      TextAlpha = 1.000000000000000000
      OnClick = DPFButton1Click
    end
    object DPFProgress1: TDPFProgress
      Alpha = 1.000000000000000000
      ShadowOffsetHeight = 10.000000000000000000
      ShadowOpacity = 1.000000000000000000
      ShadowRadius = 10.000000000000000000
      TagNative = 0
      Margins.Left = 10.000000000000000000
      Margins.Top = 10.000000000000000000
      Margins.Right = 10.000000000000000000
      Margins.Bottom = 10.000000000000000000
      Align = Top
      Position.X = 10.000000000000000000
      Position.Y = 206.000000000000000000
      Size.Width = 300.000000000000000000
      Size.Height = 9.000000000000000000
      Size.PlatformDefault = False
      ProgressTintColor = claBlue
      ProgressKind = skCustom
    end
    object DPFLabel1: TDPFLabel
      Alpha = 1.000000000000000000
      ClipsToBounds = False
      ShadowOffsetHeight = 10.000000000000000000
      ShadowOpacity = 1.000000000000000000
      ShadowRadius = 10.000000000000000000
      TagNative = 0
      Margins.Left = 10.000000000000000000
      Margins.Top = 10.000000000000000000
      Margins.Right = 10.000000000000000000
      Margins.Bottom = 10.000000000000000000
      Align = Top
      Position.X = 10.000000000000000000
      Position.Y = 235.000000000000000000
      Size.Width = 300.000000000000000000
      Size.Height = 50.000000000000000000
      Size.PlatformDefault = False
      TextAlignment = taCenter
      BaseLineAdjustment = blaAlignBaseLines
    end
  end
end
