object Form2: TForm2
  Left = 0
  Top = 0
  Caption = 'FourSquare Categories'
  ClientHeight = 343
  ClientWidth = 255
  FormFactor.Width = 320
  FormFactor.Height = 480
  FormFactor.Devices = [dkDesktop, dkiPhone, dkiPad]
  DesignerMobile = False
  DesignerWidth = 0
  DesignerHeight = 0
  DesignerDeviceName = ''
  DesignerOrientation = 0
  object TreeView1: TTreeView
    Height = 292.000000000000000000
    Position.X = 8.000000000000000000
    Position.Y = 8.000000000000000000
    TabOrder = 0
    Width = 238.000000000000000000
  end
  object btAddCat: TButton
    Height = 25.000000000000000000
    ModalResult = 1
    Position.X = 93.000000000000000000
    Position.Y = 306.000000000000000000
    TabOrder = 1
    Text = 'OK'
    Width = 74.000000000000000000
  end
  object Button1: TButton
    Height = 25.000000000000000000
    ModalResult = 2
    Position.X = 173.000000000000000000
    Position.Y = 306.000000000000000000
    TabOrder = 2
    Text = 'Cancel'
    Width = 74.000000000000000000
    OnClick = Button1Click
  end
end
