object fMain: TfMain
  Left = 0
  Top = 0
  Caption = 'Form3'
  ClientHeight = 460
  ClientWidth = 320
  FormFactor.Width = 320
  FormFactor.Height = 480
  FormFactor.Devices = [Desktop]
  DesignerMasterStyle = 2
  object MainView: TDPFUIView
    Alpha = 1.000000000000000000
    ShadowOffsetHeight = 10.000000000000000000
    ShadowOpacity = 1.000000000000000000
    ShadowRadius = 10.000000000000000000
    TagNative = 0
    Align = Client
    Size.Width = 320.000000000000000000
    Size.Height = 460.000000000000000000
    Size.PlatformDefault = False
    Form = Form1.Owner
    object Frame1: TDPFUIView
      Alpha = 1.000000000000000000
      Visible = False
      ShadowOffsetHeight = 10.000000000000000000
      ShadowOpacity = 1.000000000000000000
      ShadowRadius = 10.000000000000000000
      TagNative = 0
      Position.X = 32.000000000000000000
      Position.Y = 64.000000000000000000
      Size.Width = 105.000000000000000000
      Size.Height = 97.000000000000000000
      Size.PlatformDefault = False
    end
    object Frame2: TDPFUIView
      Alpha = 1.000000000000000000
      Visible = False
      ShadowOffsetHeight = 10.000000000000000000
      ShadowOpacity = 1.000000000000000000
      ShadowRadius = 10.000000000000000000
      TagNative = 0
      Position.X = 168.000000000000000000
      Position.Y = 64.000000000000000000
      Size.Width = 105.000000000000000000
      Size.Height = 97.000000000000000000
      Size.PlatformDefault = False
    end
  end
end
