object FAVAudioPlayer: TFAVAudioPlayer
  Left = 0
  Top = 0
  Caption = 'Audio Player'
  ClientHeight = 460
  ClientWidth = 320
  FormFactor.Width = 320
  FormFactor.Height = 480
  FormFactor.Devices = [Desktop]
  DesignerMasterStyle = 2
  object DPFUIView1: TDPFUIView
    Alpha = 1.000000000000000000
    ShadowOffsetHeight = 10.000000000000000000
    ShadowOpacity = 1.000000000000000000
    ShadowRadius = 10.000000000000000000
    TagNative = 0
    Align = Client
    Size.Width = 320.000000000000000000
    Size.Height = 460.000000000000000000
    Size.PlatformDefault = False
    BackgroundImage = 'background.png'
    object DPFMPVolume1: TDPFMPVolume
      Alpha = 1.000000000000000000
      ClipsToBounds = False
      ShadowOffsetHeight = 10.000000000000000000
      ShadowOpacity = 1.000000000000000000
      ShadowRadius = 10.000000000000000000
      TagNative = 0
      Align = Center
      Size.Width = 266.000000000000000000
      Size.Height = 28.000000000000000000
      Size.PlatformDefault = False
    end
    object DPFLabel1: TDPFLabel
      Alpha = 1.000000000000000000
      ClipsToBounds = False
      Shadow = True
      ShadowOffsetHeight = 10.000000000000000000
      ShadowOpacity = 1.000000000000000000
      ShadowRadius = 10.000000000000000000
      CornerRadius = 10.000000000000000000
      TagNative = 0
      Margins.Left = 10.000000000000000000
      Margins.Top = 10.000000000000000000
      Margins.Right = 10.000000000000000000
      Margins.Bottom = 10.000000000000000000
      Align = Top
      Position.X = 10.000000000000000000
      Position.Y = 10.000000000000000000
      Size.Width = 300.000000000000000000
      Size.Height = 103.000000000000000000
      Size.PlatformDefault = False
      Text = 'After Click Play You Can Close Application by Home Button!'
      TextColor = claWhite
      BackgroundColor = claLightsteelblue
      NumberOfLines = 2
      TextAlignment = taCenter
      BaseLineAdjustment = blaAlignBaseLines
    end
    object DPFButton3: TDPFButton
      Alpha = 1.000000000000000000
      ClipsToBounds = False
      ShadowOffsetHeight = 10.000000000000000000
      ShadowOpacity = 1.000000000000000000
      ShadowRadius = 10.000000000000000000
      BorderWidth = 1
      BorderColor = claYellowgreen
      TagNative = 0
      Position.X = 56.000000000000000000
      Position.Y = 168.000000000000000000
      Size.Width = 193.000000000000000000
      Size.Height = 57.000000000000000000
      Size.PlatformDefault = False
      Text = 'Play in Background'
      TextLineBreak = lbCharacterWrap
      TextAlpha = 1.000000000000000000
      OnClick = DPFButton3Click
    end
    object DPFButton1: TDPFButton
      Alpha = 1.000000000000000000
      ClipsToBounds = False
      ShadowOffsetHeight = 10.000000000000000000
      ShadowOpacity = 1.000000000000000000
      ShadowRadius = 10.000000000000000000
      BorderWidth = 1
      BorderColor = claYellowgreen
      TagNative = 0
      Position.X = 88.000000000000000000
      Position.Y = 352.000000000000000000
      Size.Width = 145.000000000000000000
      Size.Height = 57.000000000000000000
      Size.PlatformDefault = False
      Text = 'Stop Playing'
      TextLineBreak = lbCharacterWrap
      TextAlpha = 1.000000000000000000
      OnClick = DPFButton1Click
    end
  end
  object DPFAVPlayer1: TDPFAVPlayer
    PlayItems = <>
    PlayInBackground = True
    OnFinishPlaying = DPFAVPlayer1FinishPlaying
    Left = 224
    Top = 96
  end
end
