object Form1: TForm1
  Left = 0
  Top = 0
  Caption = 'Form1'
  ClientHeight = 460
  ClientWidth = 320
  FormFactor.Width = 320
  FormFactor.Height = 480
  FormFactor.Devices = [Desktop]
  DesignerMasterStyle = 2
  object DPFUIView3: TDPFUIView
    Alpha = 1.000000000000000000
    ShadowOffsetHeight = 10.000000000000000000
    ShadowOpacity = 1.000000000000000000
    ShadowRadius = 10.000000000000000000
    TagNative = 0
    Position.Y = 8.000000000000000000
    Size.Width = 320.000000000000000000
    Size.Height = 80.000000000000000000
    Size.PlatformDefault = False
    BackgroundColor = claNull
    object DPFImageView1: TDPFImageView
      ContentMode = vcmCenter
      Alpha = 1.000000000000000000
      Shadow = True
      ShadowOffsetHeight = 10.000000000000000000
      ShadowOpacity = 1.000000000000000000
      ShadowRadius = 10.000000000000000000
      TagNative = 0
      Align = Left
      Size.Width = 97.000000000000000000
      Size.Height = 80.000000000000000000
      Size.PlatformDefault = False
      ImageList.Strings = (
        '/Documents/admin.png')
      AnimationDuration = 1.000000000000000000
      IndicatorAlpha = 0.600000023841857900
    end
    object DPFLabel1: TDPFLabel
      Alpha = 1.000000000000000000
      ClipsToBounds = False
      ShadowOffsetHeight = 10.000000000000000000
      ShadowOpacity = 1.000000000000000000
      ShadowRadius = 10.000000000000000000
      TagNative = 0
      Position.X = 99.000000000000000000
      Position.Y = 2.000000000000000000
      Size.Width = 118.000000000000000000
      Size.Height = 41.000000000000000000
      Size.PlatformDefault = False
      BaseLineAdjustment = blaAlignBaseLines
    end
    object DPFLabel2: TDPFLabel
      Alpha = 1.000000000000000000
      ClipsToBounds = False
      ShadowOffsetHeight = 10.000000000000000000
      ShadowOpacity = 1.000000000000000000
      ShadowRadius = 10.000000000000000000
      TagNative = 0
      Position.X = 200.000000000000000000
      Position.Y = 40.000000000000000000
      Size.Width = 118.000000000000000000
      Size.Height = 36.000000000000000000
      Size.PlatformDefault = False
      TextColor = claBlue
      TextAlignment = taRight
      BaseLineAdjustment = blaAlignBaseLines
    end
    object DPFLabel3: TDPFLabel
      Alpha = 1.000000000000000000
      Font.FontSize = 12
      ClipsToBounds = False
      ShadowOffsetHeight = 10.000000000000000000
      ShadowOpacity = 1.000000000000000000
      ShadowRadius = 10.000000000000000000
      TagNative = 0
      Position.X = 98.000000000000000000
      Position.Y = 42.000000000000000000
      Size.Width = 103.000000000000000000
      Size.Height = 36.000000000000000000
      Size.PlatformDefault = False
      TextColor = claSlategray
      BaseLineAdjustment = blaAlignBaseLines
    end
    object DPFLabel4: TDPFLabel
      Alpha = 1.000000000000000000
      Font.FontName = ios_AmericanTypewriter
      ClipsToBounds = False
      ShadowOffsetHeight = 10.000000000000000000
      ShadowOpacity = 1.000000000000000000
      ShadowRadius = 10.000000000000000000
      TagNative = 0
      Position.X = 199.000000000000000000
      Position.Y = 2.000000000000000000
      Size.Width = 118.000000000000000000
      Size.Height = 36.000000000000000000
      Size.PlatformDefault = False
      TextColor = claRed
      TextAlignment = taRight
      BaseLineAdjustment = blaAlignBaseLines
    end
  end
end
