object FCollection: TFCollection
  Left = 0
  Top = 0
  Caption = 'FCollection'
  ClientHeight = 460
  ClientWidth = 320
  FormFactor.Width = 320
  FormFactor.Height = 480
  FormFactor.Devices = [Desktop]
  OnCreate = FormCreate
  DesignerMasterStyle = 2
  object DPFUIView1: TDPFUIView
    Alpha = 1.000000000000000000
    ShadowOffsetHeight = 10.000000000000000000
    ShadowOpacity = 1.000000000000000000
    ShadowRadius = 10.000000000000000000
    TagNative = 0
    Align = Client
    Size.Width = 320.000000000000000000
    Size.Height = 460.000000000000000000
    Size.PlatformDefault = False
    object DPFUICollectionView1: TDPFUICollectionView
      Alpha = 1.000000000000000000
      ShadowOffsetHeight = 10.000000000000000000
      ShadowOpacity = 1.000000000000000000
      ShadowRadius = 10.000000000000000000
      TagNative = 0
      Align = Client
      Size.Width = 320.000000000000000000
      Size.Height = 423.000000000000000000
      Size.PlatformDefault = False
      ScrollDirection = UICollectionViewScrollDirectionHorizontal
      BackgroundColor = claBlack
      OnDrawCell = DPFUICollectionView1DrawCell
      OnSelectCell = DPFUICollectionView1SelectCell
      OnDeSelectCell = DPFUICollectionView1DeSelectCell
      OnGetNumberOfSections = DPFUICollectionView1GetNumberOfSections
      OnGetNumberOfItemInSection = DPFUICollectionView1GetNumberOfItemInSection
      OnItemSize = DPFUICollectionView1ItemSize
    end
    object DPFUIView2: TDPFUIView
      Alpha = 1.000000000000000000
      ShadowOffsetHeight = 10.000000000000000000
      ShadowOpacity = 1.000000000000000000
      ShadowRadius = 10.000000000000000000
      TagNative = 0
      Align = Top
      Size.Width = 320.000000000000000000
      Size.Height = 37.000000000000000000
      Size.PlatformDefault = False
      object DPFButton1: TDPFButton
        Alpha = 1.000000000000000000
        ClipsToBounds = False
        ShadowOffsetHeight = 10.000000000000000000
        ShadowOpacity = 1.000000000000000000
        ShadowRadius = 10.000000000000000000
        TagNative = 0
        Margins.Left = 2.000000000000000000
        Margins.Top = 2.000000000000000000
        Margins.Right = 2.000000000000000000
        Margins.Bottom = 2.000000000000000000
        Align = Left
        Position.X = 2.000000000000000000
        Position.Y = 2.000000000000000000
        Size.Width = 63.000000000000000000
        Size.Height = 33.000000000000000000
        Size.PlatformDefault = False
        Text = 'Select'
        TextLineBreak = lbCharacterWrap
        TextAlpha = 1.000000000000000000
        OnClick = DPFButton1Click
      end
      object DPFSwitch1: TDPFSwitch
        Alpha = 1.000000000000000000
        ShadowOffsetHeight = 10.000000000000000000
        ShadowOpacity = 1.000000000000000000
        ShadowRadius = 10.000000000000000000
        TagNative = 0
        Align = Right
        Position.X = 243.000000000000000000
        Size.Width = 77.000000000000000000
        Size.Height = 27.000000000000000000
        Size.PlatformDefault = False
        ISON = False
        OnChanged = DPFSwitch1Changed
      end
      object DPFLabel1: TDPFLabel
        Alpha = 1.000000000000000000
        ClipsToBounds = False
        ShadowOffsetHeight = 10.000000000000000000
        ShadowOpacity = 1.000000000000000000
        ShadowRadius = 10.000000000000000000
        TagNative = 0
        Align = Right
        Position.X = 146.000000000000000000
        Size.Width = 97.000000000000000000
        Size.Height = 37.000000000000000000
        Size.PlatformDefault = False
        Text = 'Multi Select'
        BaseLineAdjustment = blaAlignBaseLines
      end
    end
  end
end
